kinematics:
  shoulder:
    x: 0
    y: 0
    z: 0.18077388486784576
    roll: -0
    pitch: 0
    yaw: 2.0425995207306452e-07
  upper_arm:
    x: 7.6143435916225906e-05
    y: 0
    z: 0
    roll: 1.5701606997128914
    pitch: 0
    yaw: 2.5367597646998332e-07
  forearm:
    x: -0.61235510645653357
    y: 0
    z: 0
    roll: 0.0002209696552652027
    pitch: -0.0001627577893651846
    yaw: 1.0908053866481242e-05
  wrist_1:
    x: -0.57174104419263705
    y: -0.001101960878638031
    z: 0.17353862027451616
    roll: 0.006349860718221155
    pitch: -0.0013626168115076418
    yaw: 6.1132533669144568e-07
  wrist_2:
    x: 3.2698477923215866e-05
    y: -0.11980842571865861
    z: 0.00010211507428156589
    roll: 1.5699440073612514
    pitch: 0
    yaw: 5.8428813961121709e-07
  wrist_3:
    x: -6.4612228786364539e-05
    y: 0.11552450977394095
    z: 8.2222678043760637e-05
    roll: 1.5715080602990763
    pitch: 3.1415926535897931
    yaw: 3.1415919262337404
  hash: calib_2830420219761076388